0.245100081394  11.01693664  -74.84945259
0.403525006374  11.01846011  -74.84189541
0.454340677482  11.02104549  -74.85018721
0.22710883843  11.01925534  -74.84946045
0.353459650258  11.0165739  -74.84252036
0.384018168471  11.02097281  -74.85054097
0.293358410657  11.0185636  -74.85153232
0.308370417244  11.0165797  -74.84791914
0.348515884927  11.02037898  -74.84513234
0.256144925002  11.02112313  -74.84061832
0.296094913273  11.02104536  -74.85106259
0.368828826554  11.01655234  -74.84746622
0.278447976435  11.01738867  -74.85102043
0.376663072003  11.02098798  -74.84940864
0.172420742588  11.01940249  -74.85130849
0.231496074597  11.01811569  -74.8515808
0.41390555902  11.01725887  -74.84235082
0.29178941412  11.02060901  -74.84841727
0.303971628395  11.01779903  -74.85147829
0.267548342029  11.01771417  -74.85119924
0.355071507448  11.01760189  -74.8508151
0.291906827615  11.01756609  -74.85046641
0.269042119354  11.02074707  -74.85078008
0.230179700152  11.02024434  -74.85087821
1.0  11.0247189  -74.85025673
0.280422201894  11.01650555  -74.84093524
0.260270216247  11.02067977  -74.84726219
1.0  11.03110823  -74.85846539
0.0859614452072  11.02239848  -74.85217808
0.127876723805  11.02177578  -74.86261549
0.424013672413  11.02125311  -74.85151678
0.468706895673  11.02083528  -74.84992661
0.271496509283  11.01656175  -74.84715197
0.343463714129  11.02108908  -74.85197041
0.223099830239  11.01758191  -74.85170821
0.225968926553  11.02151718  -74.84116856
0.298151991616  11.02031785  -74.84621844
0.33471737147  11.01634663  -74.840477
0.338746661697  11.01760373  -74.85083213
0.275475243977  11.01647403  -74.84182613
0.29084203923  11.0207435  -74.84276954
0.281912082647  11.01640902  -74.84119504
0.159998744693  11.01948889  -74.8512721
0.110118830819  11.02028074  -74.84860961
0.180313757368  11.01934792  -74.85135128
0.247027799093  11.01888849  -74.85135477
0.22274538563  11.01644446  -74.84410874
0.291387328121  11.02025219  -74.84578696
0.313421198281  11.02013997  -74.84448298
0.392521770219  11.0184199  -74.84191275
0.215332602357  11.01696654  -74.84992098
0.214514679734  11.02150405  -74.84109452
0.468872919061  11.01933654  -74.84589006
0.231759096944  11.02018843  -74.8509282
0.173472610062  11.01667791  -74.84623185
0.214236065433  11.02074296  -74.84908403
0.431394278109  11.0210981  -74.8513671
0.159745503267  11.01951692  -74.85125649
0.29899689787  11.01779251  -74.85145282
0.264507524761  11.02131724  -74.86303985
0.147926081152  11.01969039  -74.84925026
0.209680354867  11.01655367  -74.84457144
0.146381772732  11.01977688  -74.85114587
0.181221353676  11.0165995  -74.84624951
0.311040229066  11.01657518  -74.84145179
0.202958025191  11.01668604  -74.84904162
0.221843163474  11.0165413  -74.84369898
0.267097249438  11.02058189  -74.84657409
0.246795483432  11.02032048  -74.85082993
0.106383238073  11.02314112  -74.86216884
0.30628624054  11.02027396  -74.84593415
0.989221092948  10.92999631  -74.83151306
0.998554823669  10.97531833  -74.83619956
0.34279436582  11.00879699  -74.82445384
0.456670833317  11.01937689  -74.8187325
0.443173750794  11.00881804  -74.82384604
0.277900917979  11.00729932  -74.81834069
0.483896257733  11.01601493  -74.82378188
0.583520529878  11.01267547  -74.81856895
0.269183146341  11.01693377  -74.83497141
0.14424910677  11.01453278  -74.8361017
0.493410494319  11.03751292  -74.81782614
0.530992761351  11.03777642  -74.81872442
0.303710924005  11.01563079  -74.82054361
0.130347841547  11.00148162  -74.82745379
0.431894222392  10.99871737  -74.8253406
0.108409709371  10.99700329  -74.82547787
0.225680758342  10.99661342  -74.8258346
0.173602566738  10.99977313  -74.8240422
0.174561023615  10.99809276  -74.82489744
0.244886178266  11.00562121  -74.82134247
0.322666604491  11.01321884  -74.83433988
0.346036841773  11.019838  -74.82336472
0.469861077835  11.01989882  -74.82113458
0.43401626366  11.01955439  -74.81928508
0.388050765152  11.01878339  -74.81780973
0.529055195184  11.02019532  -74.81726317
0.524181569944  11.02111894  -74.81722694
0.395241264043  11.00037765  -74.82500098
0.224913521252  11.01101069  -74.82833003
0.440406733344  11.02222858  -74.81710779
0.509466159454  11.01977613  -74.82084789
0.213453278974  11.01387494  -74.82654426
0.396888126362  11.02247703  -74.81688138
0.433461478294  11.01942259  -74.81903439
0.461012499332  11.01822551  -74.82316697
0.267118165938  11.01077553  -74.82808462
0.31920562046  11.00845937  -74.82323746
0.496157111704  11.0073288  -74.82588002
0.570402436568  11.00775629  -74.82572273
0.562308963072  11.00781898  -74.82569906
0.274944564209  11.00868034  -74.82536689
0.236776515154  11.00894113  -74.82524339
0.227506574422  11.0090937  -74.82517211
0.238090638811  11.00923672  -74.82511107
0.230410455038  11.00927972  -74.8251011
0.176706029999  11.01121855  -74.82896981
0.219385980148  11.01198758  -74.83206042
0.506963871769  11.02185389  -74.81714429
0.339973662662  11.00769068  -74.83293118
0.326860823761  10.99981604  -74.82787815
0.241165906976  11.00157037  -74.81914818
0.253486608801  10.99577894  -74.82864119
0.408509153825  11.01781518  -74.82346181
0.21461946544  10.99356711  -74.82488545
0.329984274528  11.00635112  -74.82532833
0.205338260452  10.99844426  -74.82474253
0.485641615976  11.01198103  -74.82150793
0.49678316865  11.01204346  -74.82160583
0.531268502953  11.01244049  -74.82237341
0.426882307029  11.01317484  -74.82446482
0.390346790574  11.01324287  -74.82464322
0.213656376158  11.01368862  -74.82588406
0.316140140816  11.01752077  -74.8344712
0.288939107584  11.01758267  -74.83457568
0.294712526915  11.01798988  -74.83524455
1.0  11.01366461  -74.82167343
0.266998766725  11.01622094  -74.82224521
0.296936100273  11.01644334  -74.82287917
0.296455345705  11.01662349  -74.82331817
0.501685914453  11.01805221  -74.81839271
0.481284490858  11.01760604  -74.81878992
0.449482585799  11.01751106  -74.81887682
0.283043549772  11.0146851  -74.81839876
0.194484143453  11.00770679  -74.81682844
0.416636604258  11.01984432  -74.82033423
0.338923132983  11.01491255  -74.82971909
0.502775088781  11.01380765  -74.82447064
0.536591594643  11.01385777  -74.82443126
0.636587939985  11.01432256  -74.82405277
0.46411576809  11.01187487  -74.8237353
0.603671059387  11.01252865  -74.82500095
0.320194340277  11.01047681  -74.82743641
0.288718760212  11.00240493  -74.82686978
0.347405092852  11.00077573  -74.82592901
0.339022194348  11.01527717  -74.81711345
0.307227799907  11.00003495  -74.82434058
0.206458736181  11.01900135  -74.83681057
0.279274201474  11.01719433  -74.83409576
0.378634629983  11.01152818  -74.83025685
0.166192624005  10.99716808  -74.81824374
0.32078317266  11.01818346  -74.83568088
0.28755603297  11.01823604  -74.83578205
0.241336297418  11.00000443  -74.82178229
0.191439575618  11.01509063  -74.83023372
0.170564932721  11.0161239  -74.830591
0.249133308059  10.99870854  -74.82448493
0.369646242145  11.01586515  -74.82122327
0.286635849481  11.01583497  -74.82770261
0.219138721955  11.01585052  -74.83811959
0.392465915683  11.00901141  -74.8242043
0.392899710432  11.01267419  -74.8232535
0.366832426462  11.00134822  -74.81838583
0.241791764151  11.00475097  -74.83507744
1.00009767207  10.99683724  -74.82634835
0.238905549447  10.99737415  -74.83047946
0.534868874384  11.00407843  -74.82034389
0.17947317002  11.00391596  -74.82767162
0.432956012571  11.00353615  -74.82257489
0.267888183712  11.00099477  -74.82351111
0.18182879643  11.01178337  -74.83171257
0.34175922262  11.01852312  -74.83650542
0.497966792458  11.02060559  -74.81746662
0.340995668346  11.01198489  -74.84010738
0.182070268535  11.00090806  -74.82427563
0.500357009936  11.02290326  -74.81687464
0.540561607028  11.02149201  -74.8171732
0.552298343126  11.0183282  -74.81687927
0.318284383588  11.01605146  -74.83846024
0.410249410959  11.03905005  -74.82626416
0.369818305705  11.03892233  -74.82652097
0.39796177592  11.03846744  -74.82673923
0.260203695129  11.01851559  -74.83603511
0.450131457578  11.01170192  -74.82101503
0.381376509601  11.01109932  -74.82006033
0.343750369484  11.0099559  -74.81883079
0.69456278248  11.01364769  -74.81949911
0.581961742941  11.01230364  -74.81824642
0.427045543731  11.01477565  -74.82128216
0.441978447444  11.01226874  -74.82206405
0.288237361812  11.00872192  -74.81991247
0.378399221369  11.00828368  -74.82020607
0.346404443319  11.0167285  -74.82560676
0.428091259331  11.01398719  -74.81975377
0.444583088459  11.01390726  -74.81970186
0.548194651531  11.0132306  -74.81916069
0.300564394146  11.00785855  -74.81711541
0.247376440808  10.99792992  -74.82024146
1.0  10.99237245  -74.82585696
0.51335875328  11.01835551  -74.81732969
0.487254637771  11.00686718  -74.82292014
0.465209808364  11.01309388  -74.82416045
0.451864241469  11.03875466  -74.82277544
0.334616704011  10.99850204  -74.82302473
0.307044777816  11.01494205  -74.82902084
0.258307097552  11.01531468  -74.83125813
0.387458646179  11.01154573  -74.83061535
0.332806926037  11.00674024  -74.82388553
1.0  11.00364881  -74.8197547
0.269871684081  11.00699876  -74.82866633
0.305077263687  10.99817542  -74.82232306
0.34639330569  11.0107121  -74.82771981
0.472831407206  11.01503184  -74.82331057
0.383369451014  11.01372006  -74.82048164
0.431189394092  11.0137919  -74.82057514
0.44610879787  11.01266475  -74.8254188
0.213565257535  11.00076352  -74.81687309
0.266807640192  11.01835039  -74.83759678
1.0  10.99545157  -74.81727993
1.000289187  10.98992214  -74.81805138
0.214270783604  11.00034314  -74.82827037
0.402753477573  11.00251851  -74.82762703
0.315438475191  11.01707939  -74.82555031
0.281407494876  10.99950494  -74.82712197
0.493246478898  11.02085998  -74.81731154
0.341035267055  10.99800928  -74.82370612
0.51268035055  11.03791651  -74.81930993
0.401070397074  11.01620223  -74.83975946
0.233976862598  11.01455462  -74.82606557
0.336507836776  11.00651022  -74.82330487
0.539214181185  11.01610694  -74.82404491
0.989322093099  11.001082  -74.82152972
0.362491184962  11.00659329  -74.81670538
0.380538431328  11.01503303  -74.82935527
0.366253586816  11.01423042  -74.82177417
0.279363610827  11.00864225  -74.82538403
0.306006887202  11.0062679  -74.8212677
0.351630253946  11.01612207  -74.81992673
0.245424915725  11.00110732  -74.8274928
0.227384351678  11.01640894  -74.8301301
0.2775632617  10.99782839  -74.82326403
0.512461457389  11.01175276  -74.82289091
0.293439223447  11.01772976  -74.83506639
0.180073882665  10.99799705  -74.82019757
0.368175872769  11.03908555  -74.82433698
0.22069461402  11.01500012  -74.83090181
0.177842469103  11.01500009  -74.83575552
0.627091600093  11.01172069  -74.81740922
0.225781765752  11.0154262  -74.82694375
0.35517989249  11.00607964  -74.82482472
0.54636432004  11.01832439  -74.81677342
0.418372285139  11.01623585  -74.83987103
0.647887072851  11.01416335  -74.82118598
0.540926075943  11.0078999  -74.82566776
0.618788027325  11.01482265  -74.82277742
0.376063532421  11.00825305  -74.82553812
0.227246457811  11.01548307  -74.83794857
0.312939373861  11.01277157  -74.83356348
0.251369187575  11.00115767  -74.82880477
0.221520980758  11.01565911  -74.82738747
0.345167888161  11.0126286  -74.833248
0.341803272099  11.00661358  -74.83120284
0.38322693781  11.00032203  -74.82488029
0.430885024111  11.03819257  -74.82035222
0.277127145597  11.01596612  -74.81969595
0.246740091868  11.01470313  -74.83646843
0.509750659508  11.03749572  -74.81777974
0.491061158999  10.99919614  -74.82261304
0.260348945135  11.01770978  -74.83478872
0.420350727871  11.03861399  -74.82211082
0.424319672337  11.00313564  -74.82271565
0.335042735483  11.01860461  -74.82274098
0.312757965111  11.00893377  -74.82765766
0.268357264663  11.01673716  -74.83318218
0.563705005843  11.0233999  -74.81672704
0.429582683326  11.01399763  -74.82003097
0.36992485677  11.00769451  -74.82492396
0.517412426969  11.01919878  -74.82219832
0.507859191997  11.01372153  -74.82228708
0.355784285334  11.00126144  -74.82697105
0.125996961257  11.00032615  -74.81941592
0.291717670655  11.02065125  -74.83979378
0.252363524802  11.00765196  -74.82249801
0.415632463196  11.01335455  -74.82494798
0.507141822685  11.01482757  -74.82346307
0.32717554196  11.01746134  -74.83437162
0.267539959775  11.01357364  -74.82670166
0.929066970679  11.00485234  -74.8238919
0.224603947628  11.00914406  -74.82515042
0.202608734874  11.00752835  -74.82116116
0.272868617238  10.99910974  -74.8261463
0.30646917718  11.00606537  -74.82547481
0.666329862162  11.01461547  -74.82371474
0.243571773999  11.01416507  -74.82634731
0.135126159763  11.0006074  -74.81926908
0.294238510058  11.01043192  -74.82734088
0.326310114746  11.00633316  -74.83037584
0.144961913232  11.01125607  -74.82909155
0.384343739435  11.01444327  -74.81912499
0.330219513785  11.01143169  -74.82981829
0.284406398957  11.01459983  -74.81833614
0.26743935666  11.00820189  -74.82268409
0.574818375214  11.01330527  -74.81924067
0.232899476278  11.01203255  -74.83236779
0.345435335235  11.00923293  -74.82457646
0.342039026793  11.01899159  -74.81826249
0.374806622472  11.00094723  -74.82618129
0.911033676642  11.00245279  -74.8170858
0.409646010541  11.01011605  -74.82062187
0.230226351754  11.00691116  -74.82871293
0.331693324386  11.00070075  -74.82566472
0.453414014473  10.99875164  -74.81991117
0.268869612954  11.01810414  -74.82094188
0.249338939737  10.99866907  -74.83112897
0.399464603192  11.01153705  -74.82068699
9.86553413937  11.01400709  -74.81899967
0.430236315656  11.0071485  -74.82594507
0.172462515533  11.01566149  -74.83917401
0.256399279965  11.00046754  -74.82804526
0.315141632829  11.00943069  -74.82115236
0.571296539289  11.01833905  -74.81716823
0.212539602462  11.01880859  -74.83641934
0.226949971657  11.00918976  -74.8251296
0.305048009532  11.01659291  -74.82322904
0.325123095219  11.00728693  -74.83247523
0.235853185663  11.01412899  -74.83555347
0.152569506632  11.00378607  -74.82707813
0.399936293663  11.02246987  -74.8167395
0.277680583899  11.01607339  -74.83216937
0.35350094224  11.01380655  -74.81715462
0.0804108546232  10.99772643  -74.82458293
0.305078673694  11.01563479  -74.82056105
0.316679968136  11.01315119  -74.83424246
0.220860912228  10.99783341  -74.8210094
0.207065548524  11.01148725  -74.82818586
0.24032391681  11.01060746  -74.83650639
0.883911113669  11.00568801  -74.82900072
0.297683177357  11.01860112  -74.83774736
0.242203311997  11.01505003  -74.81869306
0.568690353235  11.01440508  -74.8202159
0.214150772292  11.01106327  -74.82844645
0.232659718644  11.00898052  -74.82522087
0.635300718199  11.00561731  -74.81911934
0.430009897356  11.0139333  -74.8220394
0.230407456748  11.02019525  -74.82299305
0.134966910994  11.00070684  -74.82167658
0.305576280667  11.0130205  -74.83396753
0.277945481892  10.99936436  -74.82678662
0.107928109493  10.99708206  -74.82536449
0.49542427716  11.01246856  -74.82245411
0.535135748595  11.00751836  -74.82581427
0.426237816309  11.01483136  -74.81947058
0.190315664487  11.00953471  -74.8253707
0.401211654988  11.01831898  -74.81814306
0.322467048531  11.0083805  -74.82549256
0.121938718925  10.99718402  -74.82520758
0.109524119694  11.0008773  -74.81714467
0.503737086173  11.0378869  -74.81920668
0.232729672072  10.99877795  -74.82444468
0.309574431968  11.00607326  -74.82642241
0.451173877297  11.0189519  -74.8224567
0.272258379819  10.9957215  -74.82854057
0.293723730077  11.00481193  -74.82929077
0.415532759041  11.02247581  -74.81664319
0.677446570683  11.01408357  -74.82103914
0.309212046547  11.00057749  -74.82540285
0.362671879325  11.00103713  -74.82650428
0.164263008048  10.99725398  -74.82509217
0.370904682565  10.99495224  -74.81910475
0.270493005108  10.99688966  -74.82057315
0.354934497182  11.01632816  -74.84034674
0.27960537501  11.00644211  -74.82418668
0.435725887475  11.03809224  -74.82682121
0.196603897033  10.9982133  -74.8249034
0.324527637198  10.99623001  -74.82957068
0.206298855068  10.99488025  -74.82676095
0.150391593994  11.00463264  -74.82688192
0.389306816738  11.00222333  -74.82770127
0.850148643945  11.00159177  -74.82129655
0.325495445441  11.01241156  -74.82746233
0.296643322494  11.01602275  -74.81977396
0.31617779123  11.01377786  -74.8350166
0.257512518496  11.01707848  -74.83375008
0.457302176713  11.01663187  -74.81963884
0.430382671522  11.03848817  -74.82155749
0.368108057638  11.01953909  -74.82183484
0.488390936491  11.01993981  -74.81744011
0.66348366837  11.01426678  -74.82412121
0.318454035257  11.01636047  -74.82260498
0.221011319691  11.01543789  -74.83783636
0.844727542092  11.0123838  -74.81695179
0.457187115203  11.01562171  -74.82286321
0.234345542911  11.01137357  -74.82951035
0.167124706862  11.00766033  -74.81900136
0.321841896318  11.00595671  -74.82443507
0.841484439789  11.01326119  -74.82102563
0.407769503306  10.99717436  -74.82145942
0.328546968287  11.01349172  -74.83458813
0.464921380987  11.01264766  -74.82536477
0.11651339584  10.99712622  -74.82529626
0.0913406711878  10.99772515  -74.82466221
0.172435009177  11.00662689  -74.81906016
0.39489713927  11.00725588  -74.8225814
0.632728703014  11.01163447  -74.81729856
0.426059144036  11.01128379  -74.82035091
0.285230452529  10.99964299  -74.81964588
0.307780378359  10.99969138  -74.82209449
0.26810335669  11.01002526  -74.82665695
0.283851871982  11.00671403  -74.82618048
0.395436621537  11.01874196  -74.81785137
0.166104637843  11.01277452  -74.83157448
0.231931914772  11.01451604  -74.82609295
0.27356570162  11.0156678  -74.81932278
0.376533687512  10.99985837  -74.81958096
0.272041406059  11.01361563  -74.8255849
0.374185040378  11.01602387  -74.82171054
0.427452085178  11.03858854  -74.82199995
0.258579090587  11.00764252  -74.82250357
0.298949136343  11.01608836  -74.83934703
0.434383941917  11.01267298  -74.82544681
0.249566764131  11.00768477  -74.82250316
0.390136014498  11.01876258  -74.81782911
0.295191355669  11.00927647  -74.82467831
0.174708019006  11.00664617  -74.81903277
0.436267339171  11.01172019  -74.82277687
0.316025258164  11.01760326  -74.82566399
0.437173392172  11.01351447  -74.81677099
0.250712808372  11.01412891  -74.82637404
0.232613553992  11.00814374  -74.82239877
0.332365708425  11.00003912  -74.81952937
0.371889138265  11.00649682  -74.82565871
0.301901114831  11.01561821  -74.83828189
0.816081794771  11.01339635  -74.82122617
0.815561236251  10.99553889  -74.81744706
0.246983071461  11.00303754  -74.82465409
0.300843977059  11.0053508  -74.82570558
0.159870762536  10.99739568  -74.82493973
0.413176321644  11.00659674  -74.82352862
0.224067124321  11.0190812  -74.83772655
0.272503221263  11.01701749  -74.82421277
0.269483000413  11.02004025  -74.82157837
0.486104329251  11.01289191  -74.82612463
0.467498705457  11.01691513  -74.81946004
0.327640022017  11.0197922  -74.81982842
0.330181425172  11.01934101  -74.81744727
0.284536105309  11.00859649  -74.82540382
0.298241073256  11.00900775  -74.83561587
0.305515209101  11.0065456  -74.83080664
0.270576072808  11.01323518  -74.82693523
0.35862915197  10.99522331  -74.81899771
0.254887318209  11.00447134  -74.8287553
0.47989470176  11.01524993  -74.82168867
0.293186312721  11.00636076  -74.82422479
0.242409549657  11.01166878  -74.83139515
0.326251934258  11.00872549  -74.82157076
0.256488941723  11.01825001  -74.82478033
0.462786229999  11.01786779  -74.81867009
0.272469534445  11.01859052  -74.83615887
0.294581370498  11.0041047  -74.81788908
0.31654740713  11.01536123  -74.81718651
0.449671395668  10.92267312  -74.8164074
0.378332382162  10.98665012  -74.8100241
0.335746198966  11.00490188  -74.79972521
0.44996455983  11.01153432  -74.81055944
0.206069006242  11.00548778  -74.8001456
0.450296883064  11.01072017  -74.80723908
0.440074522168  11.01036872  -74.80688283
0.443037202271  11.00977382  -74.80625685
0.457253909155  11.02568832  -74.80330085
0.615392673812  11.02930847  -74.80651756
0.54072256051  11.01003387  -74.80653202
0.467917497806  11.01715561  -74.81306075
1.00396335831  10.99376491  -74.80593224
0.263441307557  11.00187027  -74.81607558
0.99967323001  11.00845551  -74.80836509
1.0  11.007829  -74.80033059
1.0  11.00788494  -74.80041129
1.000049813  11.02588825  -74.80440828
1.0000477946  11.02559667  -74.80471867
1.00008918732  11.02471366  -74.80574475
1.00011266254  11.02468296  -74.80578005
1.00008973522  11.02465535  -74.80580796
1.00003960924  11.02400603  -74.80652349
1.00009932226  11.02272436  -74.80833018
1.0001852881  11.023291  -74.80986984
1.00020108074  11.02333784  -74.80992503
1.00003461269  11.02401262  -74.81432281
0.425886740352  11.03519489  -74.8140257
0.350821869073  11.00447504  -74.80034346
0.611901714934  11.03204763  -74.80951434
0.344560557449  11.00261451  -74.79818141
0.417541312346  11.01175311  -74.80967817
0.3744410947  11.00683625  -74.80141391
0.349820876813  10.99996419  -74.81575015
0.250784246553  11.00245159  -74.80680161
0.554706969637  11.02411935  -74.81622706
0.555557012621  11.01328893  -74.80604169
0.34053422121  11.01585478  -74.80627278
0.445653294102  11.01663921  -74.80938739
0.442865087812  11.02483924  -74.80255005
0.500810797342  11.03385525  -74.81207775
0.26921870766  11.0088315  -74.80504738
0.327662702366  11.00915564  -74.8047479
0.423658962194  11.01004981  -74.80749145
0.45148053533  11.01274632  -74.80970356
0.578982411982  11.01646972  -74.81253615
0.353920432683  11.0113155  -74.80816329
1.0  10.99296174  -74.80794657
0.999869128231  10.99173757  -74.80784915
0.354085093155  11.01557113  -74.81128668
0.5991039373  11.01994932  -74.81418993
0.504546261841  11.02021971  -74.81538833
0.563221318101  11.01602007  -74.8119322
0.498680238609  11.01580208  -74.81160328
0.475582888852  11.01577587  -74.81156369
0.363794306816  11.00629919  -74.80085383
0.397575686516  11.00818897  -74.80132023
0.399529932425  11.00867395  -74.80367769
0.355926221138  11.01663071  -74.81279394
0.999996862531  11.00379543  -74.80388938
0.262774282056  11.00702915  -74.80264423
0.431325586998  11.01783154  -74.81172592
0.434892838713  11.02408568  -74.81533001
0.342673165573  11.01828783  -74.81538792
0.381333317434  11.01781833  -74.81347568
0.389845755742  11.0090488  -74.80436552
0.413417456129  11.01467224  -74.81109381
0.400808704402  11.01588408  -74.8111498
0.332524163997  11.01622421  -74.81104963
0.362148763681  11.01689503  -74.81089295
0.35295487398  11.01821966  -74.81204466
0.477745839862  11.01855491  -74.81234638
0.347273799484  11.02008832  -74.8147201
0.465312973238  11.02014714  -74.81511415
0.353423909884  11.02045191  -74.81640492
0.377783445398  11.02324124  -74.81564699
0.999917845894  11.02312705  -74.80757025
0.999920079112  11.02497563  -74.80541491
0.502727718532  11.02450341  -74.8021181
0.999988851734  11.01333792  -74.797429
0.318842959163  11.01588972  -74.79528419
0.394060932329  11.02680879  -74.8042745
0.572667233435  11.02809776  -74.80541827
0.555639204315  11.03289307  -74.81074828
0.423245716733  11.03628027  -74.81559056
0.458382248636  11.00520625  -74.8105444
0.457728623604  11.00428321  -74.8072217
0.577235643563  11.00656358  -74.80568116
1.0  11.00213308  -74.80529736
1.01099695723  10.9984386  -74.80253494
1.0  10.99766053  -74.80170493
1.0  10.99730143  -74.80084166
1.0  10.99544453  -74.79736242
1.0  10.99516137  -74.79978249
1.0  10.99592636  -74.80045021
1.0  10.9985054  -74.79944171
1.0  10.99973271  -74.79803367
1.0  10.99997795  -74.79768443
0.242920225586  11.00572768  -74.80049819
1.0  11.00260675  -74.81467465
0.499299476443  11.00135257  -74.80458349
0.502841627517  11.00934787  -74.81334651
0.999903930105  11.00818631  -74.8100112
0.441038557873  11.0004608  -74.81652543
0.385139310765  11.00607123  -74.79961076
0.386963482491  11.00609247  -74.79962572
0.370135717661  11.00638586  -74.79984497
0.238620867506  11.00787669  -74.81222664
0.512186629607  11.02424919  -74.81595297
0.662921766104  11.01623665  -74.81232116
0.294363603679  11.00727993  -74.81571477
0.222628721245  11.00605701  -74.81259251
0.442187693285  11.01998595  -74.79846812
0.384687011369  11.02234462  -74.8003785
0.399823614731  11.02619289  -74.80372986
0.548179904601  11.03253604  -74.81022934
1.0  11.0011591  -74.80174464
1.0004792569  11.00569382  -74.80164744
0.33015566448  11.00879711  -74.81401829
0.250727656399  11.00862439  -74.81172937
1.0  11.0009675  -74.80716055
1.0  11.00145592  -74.81453665
1.0  11.01496403  -74.81173628
0.288850471047  11.00408326  -74.80075085
0.528791633518  11.0002646  -74.81624439
0.321264571626  11.00168733  -74.80618678
0.456230892342  11.00208668  -74.80647561
0.374790529178  11.00633831  -74.81613433
0.311422947574  11.0132637  -74.81012366
0.484553450304  11.00478721  -74.80689404
1.0  10.9991693  -74.81137728
1.00001524559  10.98944482  -74.80847166
1.00001742382  10.98938735  -74.80852243
0.440190346941  11.00161279  -74.80715302
0.363509138338  11.01239992  -74.80950887
0.543317145375  11.02033047  -74.79861533
0.996245988418  10.995967  -74.80046113
0.371696581464  11.00270468  -74.80581095
0.57914835627  11.00477257  -74.8094225
0.402561075066  11.01103328  -74.80808322
0.484636201167  11.00647986  -74.8006471
0.330896795512  11.0193492  -74.81339766
0.50816313753  11.00557506  -74.8065415
0.981510992025  11.00548999  -74.79884495
0.978215918952  10.99838047  -74.8127821
0.980212419021  11.00014958  -74.81094414
0.331943146876  11.01970254  -74.81383038
0.979327340156  11.00884616  -74.80958161
0.468068526535  11.02989491  -74.80699197
0.449808370898  11.01078198  -74.80731198
0.265291934428  11.00970816  -74.81140313
0.978283216164  11.00324344  -74.81628973
0.594623820224  11.00566991  -74.80625108
0.337099195102  11.00626289  -74.80082117
0.456716149907  11.00737327  -74.80062585
0.974515089247  11.02542983  -74.80489714
0.527776518432  11.03376919  -74.81195412
0.398401163709  11.01887291  -74.81261529
0.573777353026  11.02367005  -74.81653946
0.283025005501  11.01188443  -74.80936496
3.05167417346  11.00172944  -74.79747484
0.380543623042  11.01642778  -74.81098912
0.408239741957  11.01362672  -74.8103669
0.376502865411  11.01508409  -74.81121132
0.23763239577  11.00507835  -74.79997906
0.371058162044  11.00911764  -74.80445987
0.279852351027  11.00511256  -74.80260986
0.580238118968  11.01609371  -74.8120308
0.959304464671  11.00832833  -74.80800011
0.517236196016  11.02839129  -74.80567177
0.24456447827  11.00566341  -74.8004037
0.439281258212  11.00670839  -74.80128007
0.449668827654  11.03185119  -74.80923865
0.43652635254  10.99784531  -74.81200867
0.421553372835  11.02150464  -74.81633004
0.396045149927  11.00974732  -74.80667789
0.589215046791  11.00646657  -74.8057532
0.456822807436  11.00492975  -74.8098455
0.383394548988  11.01687031  -74.81294801
0.269733669428  11.00731442  -74.816156
0.325754329893  11.00865621  -74.80357945
0.59851546607  11.03217742  -74.80976543
0.400473217009  11.0176568  -74.81329778
0.945429618973  11.02376081  -74.81465302
0.612550794645  11.01681994  -74.81027033
0.378964425865  11.01670896  -74.81090977
0.336698702737  11.01146456  -74.80938107
0.325706809752  11.00755838  -74.8035462
0.94295745748  11.00750104  -74.79984785
0.38133780771  11.00427004  -74.80779988
0.441468803604  11.03143286  -74.80867135
0.37676465189  11.00941242  -74.80581236
0.484896626099  11.01096239  -74.8110173
0.938052887747  10.99728874  -74.80061517
0.485610346551  11.02743801  -74.80481705
0.330084068424  11.02386689  -74.81509943
0.427354554856  11.00877676  -74.80397282
0.427389418393  11.0053787  -74.81151159
0.433020773598  11.01596431  -74.80675763
0.933753110778  10.99198707  -74.81416053
0.368638345468  11.02275246  -74.81575336
0.375124223965  11.02545612  -74.80307714
0.931253320739  11.00202253  -74.81331548
0.399261804103  11.00772826  -74.80090266
0.928853406259  11.00138652  -74.80889813
0.344686387297  11.00620017  -74.813361
0.247310794353  11.01611142  -74.79544704
0.340147446644  10.99416849  -74.8055756
0.364484873255  11.01234789  -74.80948639
0.545147930224  11.02894935  -74.8061787
0.300964120535  11.00081982  -74.80531294
0.324808528929  11.00537483  -74.7991827
0.361493017424  11.01907032  -74.81286779
0.474273116248  11.01724942  -74.81310457
0.485255332361  11.03403234  -74.81239639
0.377596341749  11.02630993  -74.80383238
0.471404644715  11.03356443  -74.81171098
0.920107686869  11.02309333  -74.81138555
0.157141193903  10.99771401  -74.81511866
0.262517358561  11.01442633  -74.79432497
0.570109165352  11.01605665  -74.81197831
0.370484569343  11.00615492  -74.81577655
0.481546168583  11.00195929  -74.80377284
0.912816929763  10.9997902  -74.79795156
0.91125374513  10.99469136  -74.79903678
0.344849628921  11.03649338  -74.8158928
0.907073410466  11.00075757  -74.80424095
0.487564356186  11.00650283  -74.80100654
0.906659038902  11.0118688  -74.81393115
0.905781102051  11.0082736  -74.80084011
0.280559527046  11.00726372  -74.8156755
0.355843004711  11.01828824  -74.81548162
0.534029545222  11.03067085  -74.80773012
0.258201671371  11.01145766  -74.8140094
0.621044042335  11.00628591  -74.80590162
0.316468581402  11.00444566  -74.80836655
0.292626549141  11.00457008  -74.80326682
0.901827268098  10.99811932  -74.79981846
0.51025900425  11.03075097  -74.80782091
0.900612243443  11.01277264  -74.79787333
0.900426271997  11.02461714  -74.81345284
0.901165943965  11.00131327  -74.80694879
0.328516342613  11.01302309  -74.80991765
0.89947465449  11.00164548  -74.80973885
0.307343127045  11.00369725  -74.80134427
0.37366972903  11.01677481  -74.8108925
0.896889130004  11.01029808  -74.79957002
0.896981552568  11.02307648  -74.80941067
0.898513221048  11.02284039  -74.80867926
0.895743550387  11.00217113  -74.81365592
0.519539890621  11.02888143  -74.80611935
0.347806791554  11.00940091  -74.8048261
0.478653503546  11.02765161  -74.80503226
0.891975214001  10.99434275  -74.80975623
0.891481517118  11.00403707  -74.79809494
0.371498966217  11.01090996  -74.80757357
0.293986033155  11.01128246  -74.80910798
0.257189125824  11.00728705  -74.81250235
0.388564875602  11.01689354  -74.81295898
0.348487894989  11.00464238  -74.80008384
0.394138350269  11.01951973  -74.81454124
0.427468205689  11.01753542  -74.81142467
0.559261838004  11.01596834  -74.81186038
0.348890866906  11.01611793  -74.81107847
0.878599164916  10.99260053  -74.80657537
0.8792913563  10.99741515  -74.80049402
0.879098080343  11.00771663  -74.80016851
0.322329215356  11.02028629  -74.81612435
0.33164899436  11.00282437  -74.8154909
0.878249019583  10.99084556  -74.80826863
0.403713565458  11.02605003  -74.80360245
0.419325389008  11.02026591  -74.81582931
0.397322153571  11.02612372  -74.80366795
0.307040151639  11.00442207  -74.80829797
0.381008785374  11.0265858  -74.80411391
0.876177138698  11.00103918  -74.8133237
0.874187321625  10.9964967  -74.80139807
0.344981341891  11.00782333  -74.80367209
0.411292738175  11.0166088  -74.80927232
0.869988560483  10.99224176  -74.80682313
0.869793825421  11.00136351  -74.79722051
0.379663985175  11.01662551  -74.81093215
0.259303296997  11.00583148  -74.81243132
0.868514856175  10.99955301  -74.79829029
0.866383240766  10.99737916  -74.80105882
0.866341000816  11.00140996  -74.80901858
0.866068782656  11.00043514  -74.80275528
0.450727683096  11.00012713  -74.8159735
0.547233648915  11.02901305  -74.8062327
0.864632255711  11.0061535  -74.79808403
0.861123560573  11.00919169  -74.81494624
0.864654367238  11.02301758  -74.80925173
0.450904624297  11.0184673  -74.81227092
0.860082495727  11.00169043  -74.81250361
0.320534925152  11.0146035  -74.81566836
0.387360895607  11.02227087  -74.80031668
0.359902198753  11.00276416  -74.81553073
0.857445791801  11.02244739  -74.81565921
0.857179258338  10.98976753  -74.8083008
0.34557191672  11.00518761  -74.8068132
0.292195279862  11.02341614  -74.81510957
0.345754948282  11.00448696  -74.81153086
0.447020686229  11.00549951  -74.80660736
0.852517495397  11.0130564  -74.79765131
0.449686310926  11.03149327  -74.80875412
0.858119892564  11.0229603  -74.80907053
0.85102778157  11.02396974  -74.80656894
0.480977788089  11.02123318  -74.8162974
0.395126183524  11.00806781  -74.80112326
0.850443494428  10.99689847  -74.80102222
0.850237956096  11.01358003  -74.79725533
0.415530134897  11.01358151  -74.81032681
0.849892845743  11.00555985  -74.79874946
0.361593497874  11.01632867  -74.8110182
0.539405682083  11.0107282  -74.8160801
0.287357767529  11.00200833  -74.81594775
0.359110793624  11.02319564  -74.81569354
0.413924861791  11.01698303  -74.79609933
0.405745711979  11.02246847  -74.81655221
0.847809373315  11.02419186  -74.80631764
0.514496940049  11.00929432  -74.81317201
0.326902381109  11.00545023  -74.79889631
0.845738126803  10.99634537  -74.80703775
0.847202399657  10.99708248  -74.81069651
0.387880405723  11.03418785  -74.81265908
0.438539468585  11.03329953  -74.81131863
0.26136271766  11.01118499  -74.80727103
0.230766187552  11.00693252  -74.80008688
0.342188625363  11.01785486  -74.81355544
0.839679633867  11.01447994  -74.81204736
0.84208537692  10.99126326  -74.79917524
0.838661014341  11.02351011  -74.81027027
0.838885401987  10.99478556  -74.7991818
0.457575125125  11.01830417  -74.81595898
0.318702764237  11.01562642  -74.8056103
0.291528919254  11.00704139  -74.80169608
0.837423683383  11.00861047  -74.80086857
0.498283866757  11.02087761  -74.81637405
0.835903509666  11.01096722  -74.799112
0.835595610595  10.99878667  -74.8116054
0.383382912595  11.01652551  -74.81095976
0.37327590729  11.00459193  -74.80886398
0.429681593066  11.01778645  -74.81168777
0.320860614316  11.01117922  -74.80853917
0.264690045972  11.00870943  -74.80479307
0.834349798089  10.9953921  -74.80027754
0.833834342389  11.02330855  -74.80989589
0.421681204833  11.02219348  -74.81616734
0.447530091066  11.03044351  -74.80748462
0.832147128832  10.99846305  -74.79947732
0.241972016444  11.00109953  -74.80495279
0.35677861928  11.01560824  -74.81126472
2.14286400884  11.00217978  -74.80157164
0.403820671215  10.99399262  -74.8056795
0.386992449175  11.00104299  -74.80678152
0.828290352188  11.0035152  -74.79777412
0.255323393681  11.00471155  -74.81213311
0.827895740322  10.99594612  -74.7973968
0.827535215696  11.0006131  -74.8081716
0.348258174296  11.01829458  -74.812115
0.406676320539  11.03576187  -74.8149139
0.826515908819  11.00990311  -74.79992476
0.823375286041  11.00052206  -74.80892372
0.823302848683  11.00460813  -74.79849186
0.417861286312  11.01055529  -74.81113304
0.826178621871  11.02300446  -74.80920747
0.161644121795  10.99914946  -74.81413015
0.313025839139  11.004494  -74.80336106
0.825086731024  11.00035026  -74.79989457
0.338207808392  11.02370872  -74.81472142
0.323314401307  11.00990006  -74.81004784
0.819125621871  11.00839415  -74.80803211
0.417750029886  11.01476408  -74.81112321
0.817130139703  10.99860615  -74.81170703
0.425014188585  11.0180239  -74.79688718
0.309065508425  11.00725175  -74.80300039
0.310643258665  11.0064062  -74.80274601
0.208353001697  11.00846553  -74.80241631
0.815496844025  10.99653154  -74.80137761
0.355869883871  11.00935783  -74.80575002
0.815195985376  11.01299838  -74.79769615
0.300006756678  11.00435819  -74.80810325
0.463933103411  11.02457772  -74.80219021
0.264629902585  11.00319841  -74.80793291
0.813720497851  11.00012049  -74.79750147
0.818340580452  11.00045323  -74.79974804
0.811120642595  11.00107632  -74.80186594
0.810939252612  11.00251721  -74.81447919
0.424971681582  11.00732471  -74.80509034
0.327923446048  11.00540415  -74.79917947
0.255530892055  11.00720686  -74.80214582
0.809184893952  10.99760531  -74.80161021
0.383941928439  11.00678476  -74.80139394
0.404930219785  11.02261151  -74.81600503
0.80816821762  11.02308897  -74.81129959
0.347688587983  11.01888026  -74.79741034
0.48906443807  11.00473318  -74.80691648
0.549327512748  11.02803973  -74.80536895
0.806638797769  10.99591423  -74.79733799
0.282157712624  11.00640879  -74.81401468
0.512983480373  11.0158464  -74.81167382
0.438363470235  11.00886333  -74.80411334
0.805420970878  11.00843123  -74.80807757
0.495711134481  11.02732051  -74.80471243
0.254766572848  11.0055011  -74.81441068
0.371981182669  11.01399329  -74.81065513
0.378779189237  11.02276453  -74.81572588
0.802471387534  11.00799592  -74.80055743
0.395613541523  11.0177197  -74.81335351
0.802032140023  10.99877422  -74.79919188
0.414815666069  11.01968806  -74.7982057
0.801582235192  11.00698416  -74.79917091
0.801310567058  10.99406714  -74.80938542
0.801392655401  10.99588259  -74.80044638
0.304492028114  11.00817704  -74.80398855
0.421387537978  11.0359327  -74.8151387